V 54
K 1
D 0 -254000 2540000 0
Y 1
U 2159000 762000 254000 0 2 3 REFDES=S?
U 2159000 508000 254000 0 2 3 DEVICE=MJTP1117
U 2159000 254000 254000 0 2 0 PKG_TYPE=MJTP1117
U 2159000 0 254000 0 2 0 Description=APEM - MJTP1117 - TACTILE SW, SPST, 0.05A, 12VDC, TH
U 2159000 -254000 254000 0 2 0 Datasheet Link=https://mm.digikey.com/Volume0/opasdata/d220001/medias/docus/5561/MJTP%20thruhole.pdf
U 2159000 -508000 254000 0 2 0 Height=4.3
U 2159000 -762000 254000 0 2 0 Manufacturer_Name=Apem
U 2159000 -1016000 254000 0 2 0 Manufacturer_Part_Number=MJTP1117
U 2159000 -1270000 254000 0 2 0 Mouser Part Number=642-MJTP1117
U 2159000 -1524000 254000 0 2 0 Mouser Price/Stock=https://www.mouser.co.uk/ProductDetail/Apem/MJTP1117?qs=6hR9CYnVCPAeQNDPI%2FtCng%3D%3D
U 2159000 -1778000 254000 0 2 0 Arrow Part Number=
U 2159000 -2032000 254000 0 2 0 Arrow Price/Stock=
U 0 0 254000 0 1 0 FORWARD_PCB=1
l 5 508000 254000 2032000 254000 2032000 -508000 508000 -508000 508000 254000
|GRPHSTL -1 -1 -1 1
P 1 0 0 508000 0 0 2 0
L 584200 0 228600 0 2 0 1 0 COM
A 355600 50800 203200 0 9 3 #=1
A 0 0 9 0 3 0 PINTYPE=BI
P 2 0 -254000 508000 -254000 0 2 0
L 584200 -254000 228600 0 2 0 1 0 NO
A 355600 -203200 203200 0 9 3 #=2
A 0 0 9 0 3 0 PINTYPE=BI
P 3 2540000 0 2032000 0 0 3 0
L 1955800 0 228600 0 8 0 1 0 MH1
A 2184400 50800 203200 0 3 3 #=3
A 0 0 9 0 3 0 PINTYPE=BI
P 4 2540000 -254000 2032000 -254000 0 3 0
L 1955800 -254000 228600 0 8 0 1 0 MH2
A 2184400 -203200 203200 0 3 3 #=4
A 0 0 9 0 3 0 PINTYPE=BI
E
